{
    "meta": {
        "difficulty": "FACILE",
        "description": "Instance FACILE générée aléatoirement."
    },
    "sites": {
        "garages": [
            {
                "id": "G1",
                "x": 16.94,
                "y": 8.48
            }
        ],
        "depots": [
            {
                "id": "D1",
                "stock_essence": 8476,
                "stock_gasoil": 8377,
                "x": 16.15,
                "y": 19.61
            }
        ],
        "stations": [
            {
                "id": "S1_E",
                "station_physique": 1,
                "type_produit": "Essence",
                "demande": 1825,
                "x": 14.64,
                "y": 36.58
            },
            {
                "id": "S2_E",
                "station_physique": 2,
                "type_produit": "Essence",
                "demande": 1152,
                "x": 19.09,
                "y": 31.65
            },
            {
                "id": "S3_G",
                "station_physique": 3,
                "type_produit": "Gasoil",
                "demande": 1010,
                "x": 20.1,
                "y": 4.87
            },
            {
                "id": "S4_G",
                "station_physique": 4,
                "type_produit": "Gasoil",
                "demande": 2802,
                "x": 12.14,
                "y": 44.18
            },
            {
                "id": "S5_E",
                "station_physique": 5,
                "type_produit": "Essence",
                "demande": 2674,
                "x": 31.16,
                "y": 34.81
            },
            {
                "id": "S5_G",
                "station_physique": 5,
                "type_produit": "Gasoil",
                "demande": 1773,
                "x": 31.16,
                "y": 34.81
            }
        ]
    },
    "flotte": [
        {
            "id": "K1",
            "capacite": 15000,
            "garage_depart": "G1"
        },
        {
            "id": "K2",
            "capacite": 15000,
            "garage_depart": "G1"
        },
        {
            "id": "K3",
            "capacite": 15000,
            "garage_depart": "G1"
        },
        {
            "id": "K4",
            "capacite": 15000,
            "garage_depart": "G1"
        }
    ],
    "distance_matrix": [
        [
            0.0,
            11.16,
            28.19,
            23.27,
            4.8,
            36.02,
            29.92,
            29.92
        ],
        [
            11.16,
            0.0,
            17.04,
            12.39,
            15.26,
            24.9,
            21.36,
            21.36
        ],
        [
            28.19,
            17.04,
            0.0,
            6.64,
            32.18,
            8.0,
            16.61,
            16.61
        ],
        [
            23.27,
            12.39,
            6.64,
            0.0,
            26.8,
            14.33,
            12.48,
            12.48
        ],
        [
            4.8,
            15.26,
            32.18,
            26.8,
            0.0,
            40.11,
            31.92,
            31.92
        ],
        [
            36.02,
            24.9,
            8.0,
            14.33,
            40.11,
            0.0,
            21.2,
            21.2
        ],
        [
            29.92,
            21.36,
            16.61,
            12.48,
            31.92,
            21.2,
            0.0,
            0.0
        ],
        [
            29.92,
            21.36,
            16.61,
            12.48,
            31.92,
            21.2,
            0.0,
            0.0
        ]
    ],
    "site_index_map": {
        "garages": {
            "G1": 0
        },
        "depots": {
            "D1": 1
        },
        "stations": {
            "S1_E": 2,
            "S2_E": 3,
            "S3_G": 4,
            "S4_G": 5,
            "S5_E": 6,
            "S5_G": 7
        }
    }
}